num    lat        lon      
1 :   52.513745 ,13.401347   
2 :   52.518990 ,13.395056   
3 :   52.516884 ,13.381378   
4 :   52.515833 ,13.380556   
5 :   52.516969 ,13.379266   
6 :   52.515670 ,13.378242   
7 :   52.526490 ,13.394440   
8 :   52.516850 ,13.407785   
9 :   52.516648 ,13.408314   
10 :   52.535052 ,13.390190   
11 :   52.517656 ,13.436583   
12 :   52.513856 ,13.389264   
13 :   52.523964 ,13.388362   
14 :   52.512717 ,13.392544   
15 :   52.525837 ,13.388835   
16 :   52.524917 ,13.394179   
17 :   50.089483 ,14.417444   
18 :   52.528440 ,13.372116   
19 :   52.530573 ,13.379175   
20 :   52.527049 ,13.411903   
21 :   52.514152 ,13.359163   
22 :   52.518784 ,13.364687   
23 :   52.517573 ,13.352793   
24 :   52.486139 ,13.471958   
25 :   52.504818 ,13.335082   
26 :   52.505742 ,13.328841   
27 :   52.504689 ,13.336506   
28 :   52.512009 ,13.308415   
29 :   52.513903 ,13.193430   
30 :   52.508522 ,13.366606   
31 :   52.508522 ,13.366606   
32 :   52.506995 ,13.367604   
33 :   52.507637 ,13.370871   
34 :   52.495822 ,13.353854   
35 :   52.509644 ,13.378375   
36 :   52.510056 ,13.387334   
37 :   52.501400 ,13.381220   
38 :   52.443490 ,13.573605   
39 :   52.550443 ,13.375049   
40 :   52.641692 ,13.469947   
41 :   52.552628 ,13.430621   
42 :   52.569733 ,13.394550   
43 :   52.552948 ,13.462325   
44 :   52.578346 ,13.405702   
45 :   52.496943 ,13.459035   
46 :   52.502570 ,13.613940   
47 :   52.538272 ,13.575025   
48 :   52.502642 ,13.531345   
49 :   52.486139 ,13.471958   
50 :   52.416388 ,13.635278   
51 :   52.419666 ,13.629839   
52 :   52.486312 ,13.539657   
53 :   52.514513 ,13.487401   
54 :   52.541894 ,13.500194   
55 :   52.473664 ,13.342286   
56 :   52.421779 ,13.461607   
57 :   52.447303 ,13.451486   
58 :   52.457610 ,13.349073   
59 :   52.463111 ,13.359449   
60 :   52.429110 ,13.306469   
61 :   52.478193 ,13.196701   
62 :   52.435158 ,13.127230   
63 :   52.424830 ,13.234990   
64 :   52.540052 ,13.212436   
